<?xml version="1.0" standalone="no"?>
<!DOCTYPE svg PUBLIC "-//W3C//DTD SVG 20010904//EN"
 "http://www.w3.org/TR/2001/REC-SVG-20010904/DTD/svg10.dtd">
<svg version="1.0" xmlns="http://www.w3.org/2000/svg"
 width="512.000000pt" height="512.000000pt" viewBox="0 0 512.000000 512.000000"
 preserveAspectRatio="xMidYMid meet">

<g transform="translate(0.000000,512.000000) scale(0.100000,-0.100000)"
fill="#000000" stroke="none">
<path d="M2350 5109 c-470 -54 -861 -244 -1180 -575 -58 -60 -131 -143 -162
-185 -386 -517 -498 -1180 -301 -1778 44 -134 135 -325 208 -437 31 -48 391
-540 800 -1093 785 -1063 767 -1041 845 -1041 77 0 60 -21 845 1041 409 554
769 1046 800 1093 106 162 199 380 250 585 41 164 50 246 49 451 0 210 -13
311 -61 495 -122 467 -418 877 -828 1148 -350 231 -838 345 -1265 296z m470
-614 c168 -34 349 -110 500 -210 114 -75 285 -251 364 -372 156 -239 221 -456
221 -743 0 -119 -5 -189 -18 -250 -59 -284 -179 -506 -381 -705 -201 -199
-415 -313 -696 -372 -118 -24 -382 -24 -500 0 -282 59 -504 179 -705 381 -198
200 -313 415 -372 696 -24 118 -24 382 0 500 59 281 174 496 372 696 225 227
493 358 815 398 67 8 326 -4 400 -19z"/>
<path d="M2405 4210 c-214 -33 -430 -144 -586 -299 -135 -136 -230 -303 -280
-497 -32 -122 -33 -369 -1 -484 55 -203 146 -366 281 -501 135 -135 298 -226
501 -281 115 -32 362 -31 484 1 393 102 669 379 779 781 29 109 29 371 0 480
-57 206 -149 368 -286 504 -138 136 -298 227 -487 275 -97 25 -307 36 -405 21z
m268 -205 c183 -48 325 -201 358 -385 36 -207 -79 -424 -271 -511 l-50 -23 0
-123 c0 -148 -15 -190 -80 -223 -51 -26 -93 -25 -142 2 -71 40 -78 67 -78 300
0 173 3 208 18 238 23 46 70 76 132 83 109 13 174 79 175 176 0 136 -131 219
-253 160 -57 -28 -91 -80 -102 -157 -4 -33 -16 -71 -25 -85 -19 -29 -89 -67
-123 -67 -64 0 -136 62 -148 127 -4 19 -1 67 6 105 48 272 322 451 583 383z
m-43 -1455 c45 -23 80 -80 80 -130 0 -76 -74 -150 -151 -150 -46 0 -108 39
-130 82 -37 72 -14 151 57 194 48 29 92 30 144 4z"/>
</g>
</svg>
